SampleID	Helicobacter	Lactobacillus	Ligilactobacillus	Bacteroides	Bifidobacterium	Duncaniella	Paramuribaculum	Parabacteroides	Blautia	Phocaeicola	Parasutterella	Barnesiella	Prevotella	Limosilactobacillus	Muribaculum	Enterocloster	Clostridium	Anaerostipes	Escherichia	Akkermansia	Candidatus_Arthromitus	Turicimonas	Klebsiella	Desulfovibrio	Erysipelatoclostridium	Clostridioides	Alistipes	Adlercreutzia	Anaerotruncus	Faecalibaculum	Enterococcus	Odoribacter	Streptococcus	Dorea	Heminiphilus
A101E185	0	0.0012435	0.0698319	0.0270644	0.2791672	0.0575967	0	0.0266489	0.0005238	0	0.0302246	0.0257033	0	0	0.0177275	0.0006425	0.0014008	0.0006211	0	0.0146501	0	0.0062152	0	0.0001048	0.0033969	0	0.0030503	0	0	0	0.0000343	0	0.0001329	0	0
A104E185	0	0.0000747	0.0749242	0.0106161	0.1437752	0.0299741	0	0.0241357	0.0000795	0	0.0172469	0.0166136	0	0.0004334	0.0162462	0.0005852	0.0003341	0.0003709	0	0.0008393	0	0.0031148	0	0.002676	0.0004818	0	0.0017136	0	0	0	0	0	0.0003979	0	0
A13E185	0.0999382	0	0.1146245	0.0573559	0	0.1082989	0	0.0260294	0.065292	0.036106	0	0.0017917	0	0	0	0.0761628	0.0064683	0.014043	0.0002583	0.0002871	0	0.0147192	0.0036964	0	0.0004548	0	0	0.0003774	0	0	0.0038936	0	0.0000238	0	0
A21E145	0.0126962	0.0074284	0.0366353	0.0102161	0.0003807	0.1076672	0.0189627	0.0095778	0	0	0.0022423	0.0168923	0.0156845	0.0018508	0.0253552	0.0001707	0.0000095	0	0	0.0689433	0	0.0016081	0	0.0001404	0	0	0	0.0010229	0	0.0512213	0	0	0.0001085	0	0
A23E145	0.0123178	0	0.1258569	0.0472464	0	0.1682047	0	0.0898052	0.1219256	0.0519997	0	0.0116549	0	0	0.0004991	0	0.0527917	0.0540531	0.0051481	0	0	0.0197374	0.0112798	0	0.000479	0	0	0.0016463	0	0	0.006446	0	0.0000966	0	0
A31E145	0.0324684	0	0.2421987	0.1243653	0.0708373	0.0057144	0	0.0409542	0.0692161	0	0.0435471	0.0034958	0	0.0508564	0.0047697	0.0458133	0.0260223	0.0262695	0.0145358	0.0002422	0	0.0128757	0.0017042	0	0.0251706	0.0190006	0.0315544	0.0037863	0	0	0.0058229	0	0.000071	0	0
A32E145	0.1624274	0	0.000032	0.3360899	0	0.0101641	0	0.0459307	0	0.1547798	0.0187248	0	0.0026613	0.0009862	0.0061854	0	0.0009606	0	0.0278726	0	0	0.0004705	0.0406699	0	0	0.0007274	0.0247056	0	0	0	0.0027561	0	0	0	0
A33E185	0.0083172	0.0457101	0.0429573	0.0016624	0.0459291	0.018799	0.0304724	0.0004698	0	0	0.0042484	0.0031827	0.0194423	0.0058712	0.0150256	0	0	0	0	0.0152645	0.0052875	0.0042211	0	0.0001174	0.0005956	0	0.0006876	0.0020943	0.0009029	0.0019387	0	0.0071592	0.0007341	0.0002269	0.0133289
A34E185	0.0118257	0.0224423	0.0051483	0.0055083	0.0494916	0.0294766	0.0427847	0.002296	0.0007431	0	0.0083002	0.0021298	0.0242827	0.0050388	0.0238669	0	0	0	0	0.0061644	0.0004748	0.0118534	0	0.0001035	0	0	0.0014777	0.0020882	0.0006426	0.0028535	0	0.010363	0.0016616	0.0001903	0.0173439
A41E145	0.1006842	0	0.1742181	0.0722321	0.0765709	0.00725	0	0.0583851	0.0813041	0	0.0196189	0.0038461	0	0.0527282	0.0010157	0.0734245	0.0299893	0.0345928	0.0058466	0.0002244	0	0.002691	0	0	0.0313147	0.0148709	0.0125877	0.0023298	0	0	0.0016628	0	0.0006442	0	0
A45E145	0.2679979	0	0.0011483	0.3048179	0	0.0010921	0	0.0375745	0	0.1279836	0.0056458	0.0004143	0	0	0.0010012	0	0.0488602	0	0.0238681	0	0	0	0.0331605	0	0.0155121	0.0552006	0.0027789	0	0	0	0.0341823	0	0	0	0
A92E185	0.0311507	0.0157332	0.0262468	0.2277298	0.0582896	0.0120874	0.0150668	0.070826	0.051497	0	0.0291134	0.0107853	0	0.0002232	0.0019786	0.0250088	0.0067539	0.0284743	0.0008664	0.0021043	0	0.0012512	0.0031819	0	0.0096491	0.0021078	0.0002361	0.0010758	0	0	0.0010071	0	0	0.0008439	0
C1.E145	0.0129083	0.1870805	0.005636	0.0014742	0.0011333	0.0076598	0.0196156	0.002321	0	0.0002539	0.0023435	0.0081536	0.0042152	0.0128507	0.0086058	0	0	0	0	0.0057718	0.0017887	0.0010106	0	0.0014835	0	0	0	0.0091452	0.0103023	0	0	0.0040793	0.0112019	0.0102978	0
C103E185	0.1336767	0.1646869	0.0178146	0.0079349	0.0086557	0.0226123	0.0238029	0.0020429	0	0.0089269	0.0176065	0.0137053	0.0843267	0.0248549	0.0126167	0	0	0	0.0000344	0.0036894	0.0030946	0.0063891	0	0.0010291	0.0002245	0	0.000119	0.0038571	0.0071101	0.0000482	0	0	0.0052164	0.0002843	0.0021158
C104E185	0.0248175	0.2157747	0.0617513	0.0163735	0.0011284	0.0056976	0.0195216	0.0066002	0	0.001862	0.0029782	0.016833	0.0266831	0.0532203	0.0085219	0	0	0	0.0815884	0.0103515	0.0274383	0.0008321	0	0	0.0005056	0	0.0011067	0.0035243	0.0073265	0	0	0.0005037	0.0065824	0.0113928	0.0005959
C112E145	0.006966	0.1270581	0.0519211	0.0025773	0.0973357	0.0799755	0.0432085	0.0000137	0	0	0.0136611	0.0246841	0.0003375	0.0113501	0.0056612	0	0	0	0	0	0.0091403	0.0034042	0	0.0158057	0	0	0	0.0030831	0.0012313	0	0	0.0003265	0	0.0003424	0
C122E145	0.0426039	0.0440921	0.0361073	0.0147595	0.0392855	0.071982	0.0337331	0.0047409	0	0.0000514	0.0051346	0.0109218	0.0046379	0.0065043	0.0247296	0	0	0	0	0	0.0017334	0.00159	0	0.0063222	0	0	0.0001595	0.0036835	0.0009831	0.0004796	0	0.0007442	0.0002793	0	0
C12E185	0.2050195	0.0015014	0.0199491	0.0117005	0	0.0291834	0.0071277	0.0000602	0	0.0002671	0.0012804	0.0072443	0.0006527	0.0007054	0.0027252	0	0	0	0	0	0.0007362	0	0	0.0194258	0	0	0	0.000916	0.0118918	0	0	0.0099652	0.0021654	0.0001792	0
C13E185	0.1945181	0.0015327	0.0212585	0.0126305	0	0.032622	0.0087695	0.0000784	0	0.0002151	0.0017499	0.0081982	0.0006639	0.0002366	0.0036519	0	0	0	0	0	0.0006516	0	0	0.023628	0	0	0	0.0013346	0.0137537	0	0	0.0103408	0.0015548	0.000144	0
C2.E145	0.0143282	0.0629303	0.0069785	0.0013805	0.0090956	0.0111987	0.0220036	0.0034056	0	0.0002906	0.0093385	0.0132897	0.0280884	0.0061258	0.0092468	0	0	0	0	0.0007397	0.0021611	0.001861	0	0.0006961	0	0	0	0.0065515	0.0032831	0.0001786	0	0.000034	0.0009942	0	0
C21E145	0.0051831	0.1331388	0.0341453	0.0085304	0.0798889	0.0726184	0.038725	0.0015254	0	0.0001993	0.0123266	0.0259647	0.003075	0.0086764	0.0059053	0	0	0	0	0	0.0161143	0.0026168	0	0.0131348	0	0	0	0.0059782	0.0004939	0	0	0.0000363	0.0005631	0.0000707	0
C4.E145	0.0042449	0.2030516	0.0203838	0.00097	0.00106	0.0217683	0.062097	0.0000583	0	0	0.0101255	0.0451274	0.0099141	0.0133758	0.0097315	0	0.0001493	0	0	0.0001824	0.004174	0.0038365	0	0	0	0	0	0.0035636	0.0004597	0	0	0.0018197	0.0000936	0	0
C51E145	0.0513445	0.1022729	0.1044153	0.0029497	0	0.0014602	0.0445514	0.0017248	0	0.0017519	0.0092476	0.0019469	0.0466524	0.0109555	0.0016211	0	0	0	0	0.0008181	0.028313	0	0	0.0036396	0.0005449	0	0.0001048	0.0058674	0.0095617	0	0	0.0023827	0.0122673	0.0117893	0
C54E145	0.0481434	0.0346621	0.0416922	0.0047987	0.0631901	0.074472	0.0337846	0.000801	0	0.0000091	0.0045697	0.0226619	0.0019473	0.0026711	0.0254476	0	0	0	0	0	0.0020504	0.0018728	0	0.0022868	0	0	0.000582	0.0074244	0.0012958	0.000379	0	0.0014955	0.0003905	0.000126	0
C94E185	0.0236184	0.0769923	0.0147868	0.0012346	0.0215003	0.0262625	0.0181631	0.0036106	0	0.0001807	0.012347	0.0256628	0.0278127	0.0148848	0.0143802	0	0	0	0	0.0000076	0.0065037	0.0036669	0	0.0042957	0	0	0	0.0050855	0.0081575	0.0003248	0	0	0.0000915	0.0036159	0